
run on a i5-4670K @ 3.4GHz

n    (benchmark0 n)    ratio to previous timing
-----------------------------------------------
10          25                -
12          13                0.520
14          15                1.154
16          22                1.467
18          23                1.045
20          30                1.304
22          42                1.400
24          47                1.119
26          75                1.596
28          100               1.333
30          108               1.080
32          165               1.528
34          165               1.000
36          164               0.994
38          203               1.238
40          245               1.207
42          305               1.245
44          370               1.213
46          432               1.168
48          510               1.181
50          601               1.178
52          703               1.170
54          826               1.175
56          940               1.138
58          1075              1.144
60          1221              1.136
62          1388              1.137
64          1561              1.125
66          1759              1.127
68          1988              1.130
70          2201              1.107
72          2491              1.132
74          2748              1.103
76          3111              1.132
78          3321              1.068
80          3710              1.117
82          4070              1.097
84          4413              1.084
86          4937              1.119
88          5257              1.065
90          5918              1.126
92          6257              1.057
94          6957              1.112
96          7169              1.030
98          7624              1.063
100         8248              1.082
   